0.3318641167193501 0.8806168414028281 0.7969213307138421 0.7306169511921864 0.6886010915113949 0.2656487143538996 0.09322743568166192 0.4557241720368367 0.9752997350875157 0.7957373651029265 0.9429581108745722 0.059816678533724854 0.6292105680892911 0.6034120956115373 0.7948894893132809
0.3234831229363796 0.3693901802776203 0.2098148010586025 0.48078551517993984 0.8168365494774278 0.8882682352020596 0.9577266322932207 0.769008510860189 0.11881985162459174 0.6178966969801798 0.9205377847842289 0.9903947280262525 0.015431815948838024 0.7052626059938049 0.656892160379993
0.8530607316874506 0.8265273055810635 0.7606158017767366 0.3374053273337114 0.565237535071108 0.6700104628011626 0.8246819420813216 0.5875699747896114 0.6426045239158195 0.5840197815450999 0.28202583502853507 0.9007615373163514 0.4575997726678558 0.4635723563607932 0.7407988007202622
0.5215453458872016 0.15901597076590346 0.8949690114129083 0.9001513629388692 0.9482496988718707 0.96419348270598 0.9089139182781023 0.6905346482059238 0.9129516707049732 0.05911985890307525 0.22277613200778867 0.08779420326665754 0.058000687289186725 0.9880562495729086 0.223211200930717
0.7314311547843148 0.4884214338198689 0.30713962646076676 0.5346226367445364 0.09270674091943143 0.8785198349087459 0.08196846295327842 0.41361879649682154 0.32263761449320305 0.4393861167295704 0.6131114594156274 0.501457095123147 0.4208463298482399 0.3458617141404634 0.030015405397155637
0.952452055585755 0.8397531438976018 0.2877210073744747 0.4914799846064778 0.8255623231656912 0.339279966030809 0.8841471688586827 0.3048067576888661 0.8460356561933342 0.8409979056288865 0.4852185486025824 0.7103558258989536 0.7844876870774717 0.5180327172378648 0.6328081059593796
0.15743790999303697 0.12405638290725718 0.4535259667881594 0.7660356934981609 0.48282766814330214 0.32168433890071435 0.6774531735218852 0.9629544656838738 0.3671023398715474 0.01915534264778751 0.6958628385921847 0.7331619475367124 0.8867685076145323 0.4494759475353435 0.8066119303751086
0.9081801893404721 0.2868443137249175 0.004445580414126127 0.6146978656955341 0.4565549268279667 0.9209873455987301 0.4875465747852188 0.10824421282984331 0.6068878918637175 0.03132033670541434 0.46587213449764064 0.06308921348577667 0.4355904308424321 0.5378368939324524 0.4709764760580747
0.4571395689869191 0.9230431117043171 0.4097568222414999 0.3037785400640445 0.8618349806762569 0.2837006124579511 0.38957507889656573 0.22568993265966564 0.6895181482343766 0.01671312723516749 0.7990020963457823 0.4174270962500616 0.7025540575022354 0.853912163458967 0.12186652111422291
0.36061542864008145 0.34259323303103595 0.0424788806717713 0.27590749220915844 0.496029770545631 0.7851515732730211 0.0960273107890951 0.5679843191678267 0.13623687309004784 0.6466266111276966 0.7111595773524041 0.9473966480108211 0.4329924717373571 0.8558365791946367 0.956615127727854
0.2243752983187881 0.4568895978085157 0.03776505098923977 0.9679004693690524 0.4817474685401617 0.87288740989825 0.4381306145076169 0.44847951191341884 0.286988215750431 0.35239738993473557 0.480416583936781 0.4143353977418165 0.6217643695380135 0.2565673388002979 0.6659396053099192
0.9656011378230315 0.8497336192677809 0.9590521992685722 0.7617392601591385 0.6460264886945472 0.06137148056863084 0.3059780520564369 0.8743228186359315 0.7339669387675538 0.9214192396760036 0.5742051453821695 0.07270617904721488 0.931138671870255 0.14107789677629312 0.9966544670680305
