0.281912684440613 0.549411892890930 0.162571787834167 0.446552187204361 0.060495186597109 0.285795122385025 0.936461687088013 0.254066556692123 0.467976957559586 0.649402916431427 0.330825656652451 0.919498205184937 0.485104203224182 0.997010231018066 0.175794944167137
0.047165948897600 0.178106859326363 0.491539806127548 0.023311553522944 0.821458041667938 0.024895653128624 0.158965393900871 0.002430483466014 0.958122789859772 0.093334876000881 0.192210644483566 0.457851171493530 0.250360548496246 0.546117722988129 0.674309849739075
0.138052240014076 0.825673937797546 0.682639598846436 0.516504645347595 0.537113070487976 0.404228478670120 0.686157763004303 0.220743671059608 0.608425498008728 0.369151443243027 0.583665192127228 0.190367951989174 0.563650727272034 0.986065387725830 0.860201537609100
0.568145453929901 0.076748259365559 0.068660803139210 0.195730194449425 0.702497184276581 0.715706706047058 0.802148163318634 0.562370717525482 0.746746599674225 0.948696196079254 0.472349941730499 0.830152273178101 0.201870769262314 0.568786561489105 0.071143940091133
0.722845852375031 0.325140118598938 0.305391788482666 0.180411115288734 0.941091477870941 0.035614490509033 0.144337698817253 0.847339630126953 0.052913174033165 0.332258164882660 0.246430635452271 0.256264805793762 0.746009051799774 0.841805934906006 0.496386677026749
0.771114885807037 0.601002335548401 0.424414336681366 0.403791666030884 0.861307799816132 0.511130332946777 0.245473429560661 0.237663716077805 0.516127884387970 0.347381472587585 0.331155717372894 0.977108895778656 0.244959324598312 0.670346736907959 0.982861280441284
0.239909619092941 0.173602506518364 0.113648168742657 0.827758073806763 0.116133145987988 0.286444097757339 0.869442939758301 0.138146623969078 0.510930895805359 0.664968430995941 0.143812954425812 0.824974179267883 0.906122148036957 0.322257637977600 0.183557346463203
0.427335381507874 0.041765138506889 0.633968830108643 0.238010868430138 0.009606509469450 0.959537386894226 0.062398575246334 0.685272097587585 0.095445327460766 0.292058825492859 0.145245641469955 0.172759309411049 0.915516197681427 0.306143730878830 0.196014747023582
0.033631399273872 0.640307068824768 0.117265552282333 0.000405891361879 0.697893798351288 0.516895473003387 0.528825700283051 0.520496606826782 0.966531574726105 0.039215266704559 0.521129727363586 0.336157619953156 0.821697235107422 0.362059712409973 0.876909077167511
0.150876477360725 0.268313854932785 0.739400267601013 0.566666007041931 0.678931832313538 0.347837924957275 0.770523726940155 0.521517693996429 0.128662243485451 0.529325425624847 0.900495350360870 0.148783162236214 0.574075937271118 0.717699825763702 0.679955840110779
0.272739112377167 0.427833676338196 0.781099796295166 0.829993069171906 0.219748139381409 0.465172618627548 0.643121540546417 0.042300660163164 0.029266275465488 0.421143382787704 0.258561968803406 0.683646559715271 0.925810992717743 0.143072038888931 0.491184175014496
0.197346031665802 0.525903403759003 0.065617203712463 0.190652281045914 0.451300948858261 0.076370671391487 0.461016595363617 0.952100932598114 0.786658167839050 0.712063610553741 0.921229243278503 0.413434267044067 0.180499926209450 0.922897994518280 0.621443331241608
