0.622806757753717 0.9367819723520016 0.9438172603321984 0.8768557543928304 0.5005159444054385 0.864118197920476 0.6806662758273754 0.24156782258788778 0.9616305675749184 0.6995760007498029
0.8727213643583532 0.9401092393520706 0.24203657341785112 0.16611349553142318 0.4743804913744285 0.4087598872167427 0.17878407348486636 0.11594693438970727 0.6156145645001486 0.3748410102718218
0.8798837667618021 0.9886173421371174 0.5783169384604825 0.5699099165985366 0.8675668057078297 0.012959341010850944 0.5212291157306809 0.971466255205254 0.40472721459628713 0.7564044697375709
0.5528844355065989 0.6934460718765645 0.2090518663538493 0.4586820581421417 0.6190180586028614 0.0993526625727762 0.28280346518936905 0.9816839922663303 0.5104571272733046 0.612749707282383
0.6252528734574522 0.7382244302277117 0.6287486240787653 0.6857639314463124 0.8497238024211793 0.4721784200619509 0.9981453446545577 0.7567455580135835 0.10974721333995718 0.3307687875007068
0.40298857554806866 0.02996337690465478 0.9179765537252885 0.5041333614669836 0.24874844657726192 0.2402935685149613 0.5726019355766817 0.01195427310584507 0.8824973809951215 0.30676106752130916
0.7572132984608346 0.6030633899428491 0.8399400531938174 0.14918482823249057 0.4042587486216197 0.9169496079524884 0.8486940102742727 0.8896843619099953 0.6073388847618104 0.8334898767840632
0.48541953777608415 0.20331914984291133 0.9436189039377426 0.03328129285115489 0.6340109812282796 0.45215237232465033 0.6168110187061894 0.504643279291758 0.7743342993597336 0.7875436872835352
0.36956496159977137 0.28777256434276033 0.9132661714616921 0.07090114096405187 0.8644585244767066 0.9712528050608585 0.5881866014293737 0.6555330139972365 0.6610297952881095 0.5114720356026721
0.3160402669190179 0.47736496480756385 0.6335142675307097 0.6554258758717031 0.9739917129905319 0.032726208318593186 0.190668373819868 0.06372614746100846 0.004119371365430946 0.1767073681554464
0.44517371955666507 0.639300305617788 0.44293462511761617 0.05364861744263927 0.4277275787465643 0.03159906971994386 0.15645901377448768 0.5179426598894529 0.028980995918056696 0.008527395060955234
0.9500782143947093 0.2767023851710969 0.37959796013737157 0.8561378511359328 0.6744015650317458 0.08349382285056761 0.20298164490862058 0.3266750392951767 0.863520468795073 0.15618275133817094
0.45108004311512273 0.606035835293077 0.46856853446649005 0.9149067500688273 0.33278317024619297 0.9933184324858161 0.7805658043365161 0.6481774121493479 0.4705951025049073 0.6965060079693516
0.3748858130590669 0.13034328243660942 0.9339525803658987 0.5382274168040911 0.3490477562676374 0.5089800528578655 0.6409386513833608 0.6521929052503717 0.04833511510230615 0.06727478485744998
0.23282078542195495 0.9096309673230276 0.03964190528453437 0.43546665498577297 0.05418663185358785 0.8381991898818894 0.3635688214956333 0.3493242584659825 0.7098433268163937 0.7413895481623397
