4.693413018545468 5.561372870702934 5.050213993686827 3.800875179343776 5.230221020844347 4.01666675108047 4.2569243760536155 4.787926894612044 3.8927227803802076 4.08360153295204
4.955695745126796 4.4451818224659485 5.451245199898275 3.8520214481484905 4.659658042690388 3.478345034444451 4.378311123972276 4.282713357932116 4.390120236974576 3.6423230708875827
5.597597181398631 5.5210914264572795 5.833605458986164 4.5469431351243 5.24734688473683 4.606923124034639 4.870383386791302 4.594532435276672 5.39516517670333 4.705363899793474
4.740846581281825 4.389132903802777 6.094884110157515 3.574264117179881 4.898528798345173 4.092415449425084 5.161030537401048 5.290026490997268 4.382320694049974 4.329180891653929
3.456418734964268 3.207769314003748 3.978173498012473 3.0325445553641632 3.357569329504935 2.414057499825931 2.8490820971184085 2.648547791502347 3.458725061555689 2.613759602720835
5.4860702926584315 5.792004424443673 5.898604263790218 4.7608042401195805 5.478768869268714 5.1359376759649065 5.096604719186469 4.817633359995555 4.996813305804152 4.600824001352397
4.345202181813136 4.306325756277157 4.478802275033498 3.5029712892902456 4.003767807660352 3.856709804076482 4.16820716566133 4.6943858421839435 4.203931731508972 4.107962309217999
3.2473380516740002 3.499139794446926 4.231291923770987 3.017864007324948 3.0129182156973813 3.6076918016606916 3.6138088490867557 3.164669030800199 3.6428761782258117 3.066548125848466
4.354288120521369 4.317938254939644 4.58203524421829 3.3422273819815707 4.087750755594633 3.707171542750071 4.026688842839611 4.087939991166338 3.382928593899842 3.1011857144768427
3.8987526226543547 3.7651169710989167 4.403581309802349 3.8491759800595706 3.75172464805288 3.1699574639687604 3.5247124040554643 3.1771150606264187 3.816783258855791 2.9205236284991214
3.6659283757798398 3.7740364108858246 3.8546997487228993 3.217589226110018 3.4576846539000394 3.165476185140303 3.4441045321619193 3.482894119878566 3.78353112514305 3.317274656217296
5.284837485636224 6.5483591006602975 5.518998886460295 4.5433813435623165 5.67189351494745 4.864875451560455 4.8950052407945535 5.119035941389635 4.9374308475517825 5.313743001806197
