2.785851478576660 3.269529819488525 3.901137351989746 3.760889291763306 3.619495868682861 5.022474765777588 2.757505178451538 3.962178707122803 3.531975269317627 3.635121345520020
1.700461983680725 3.191292524337769 2.745653867721558 1.759542703628540 2.790658473968506 3.192452192306519 1.944774270057678 2.530023336410522 2.101614713668823 2.389447450637817
2.837068796157837 4.706333160400391 4.839284896850586 3.714982748031616 4.583310604095459 5.541882991790771 3.336212873458862 4.580124855041504 3.967445850372314 3.782950878143311
2.703931093215942 3.843045711517334 4.207699775695801 3.554080963134766 3.717866897583008 5.316154956817627 2.952030181884766 4.187190532684326 3.096873521804810 4.340103149414062
2.344303369522095 3.216106414794922 3.535055398941040 2.866756916046143 3.972678422927856 4.798594951629639 2.355239868164062 3.241085529327393 2.854666471481323 3.195913076400757
2.429659366607666 4.209535598754883 4.842139720916748 3.977021694183350 4.860872745513916 5.790220260620117 2.829554319381714 4.512271881103516 3.231533050537109 4.046171188354492
2.735774040222168 3.042943000793457 3.283534765243530 3.202836036682129 3.060948133468628 4.710123538970947 2.916757106781006 3.728459835052490 3.114706754684448 3.323045730590820
2.174496650695801 2.524686098098755 2.658203840255737 2.317294836044312 2.851828575134277 3.748911142349243 2.099602937698364 3.260697603225708 2.256738901138306 2.578542709350586
2.383896827697754 3.944743394851685 3.463072776794434 2.483570098876953 3.915287494659424 4.444366455078125 2.973839521408081 3.533054828643799 2.802420616149902 3.612248182296753
2.494790315628052 4.374363899230957 4.454864501953125 3.485704898834229 4.332173824310303 5.528192043304443 3.272834539413452 4.329184055328369 3.798141956329346 3.436391115188599
2.256962776184082 3.407468080520630 3.860169410705566 3.256870985031128 3.653657674789429 5.165102481842041 2.740200519561768 4.180387973785400 3.139584302902222 3.103230237960815
2.662782907485962 3.977475881576538 3.913442373275757 3.135271549224854 4.125605583190918 4.542774200439453 2.964413881301880 3.751535177230835 3.553530454635620 3.968946695327759
